5.000000 0.000000
4.999239 0.087218
4.996957 0.174409
4.993155 0.261547
4.987833 0.348606
4.980993 0.435558
4.972637 0.522378
4.962768 0.609039
4.951390 0.695515
4.938504 0.781779
4.924116 0.867805
4.908229 0.953567
4.890848 1.039039
4.871980 1.124195
4.851628 1.209009
4.829801 1.293454
4.806504 1.377506
4.781744 1.461139
4.755529 1.544328
4.727866 1.627046
4.698766 1.709269
4.668235 1.790972
4.636284 1.872131
4.602922 1.952719
4.568159 2.032713
4.532006 2.112089
4.494474 2.190822
4.455575 2.268888
4.415319 2.346264
4.373720 2.422926
4.330790 2.498851
4.286543 2.574015
4.240991 2.648396
4.194148 2.721971
4.146029 2.794717
4.096648 2.866614
4.046021 2.937638
3.994162 3.007768
3.941089 3.076982
3.886815 3.145261
3.831359 3.212582
3.774738 3.278926
3.716967 3.344272
3.658066 3.408600
3.598051 3.471891
3.536941 3.534126
3.474755 3.595285
3.411512 3.655350
3.347231 3.714303
3.281931 3.772125
3.215632 3.828800
3.148355 3.884310
3.080120 3.938637
3.010947 3.991766
2.940859 4.043680
2.869875 4.094364
2.798018 4.143802
2.725310 4.191979
2.651772 4.238880
2.577427 4.284492
2.502298 4.328799
2.426408 4.371790
2.349779 4.413450
2.272436 4.453767
2.194400 4.492728
2.115697 4.530323
2.036350 4.566539
1.956384 4.601365
1.875822 4.634791
1.794689 4.666807
1.713010 4.697403
1.630810 4.726569
1.548114 4.754297
1.464947 4.780579
1.381333 4.805405
1.297300 4.828769
1.212872 4.850664
1.128074 4.871083
1.042934 4.890019
0.957476 4.907468
0.871726 4.923423
0.785711 4.937880
0.699458 4.950834
0.612991 4.962282
0.526338 4.972220
0.439525 4.980644
0.352578 4.987553
0.265523 4.992945
0.178388 4.996817
0.091199 4.999168
0.003982 4.999998
-0.083237 4.999307
-0.170430 4.997095
-0.257571 4.993361
-0.344634 4.988109
-0.431592 4.981338
-0.518418 4.973052
-0.605087 4.963252
-0.691572 4.951942
-0.777846 4.939125
-0.863884 4.924805
-0.949658 4.908987
-1.035144 4.891674
-1.120315 4.872873
-1.205145 4.852590
-1.289608 4.830829
-1.373678 4.807599
-1.457331 4.782906
-1.540540 4.756757
-1.623281 4.729161
-1.705527 4.700125
-1.787254 4.669660
-1.868438 4.637773
-1.949053 4.604475
-2.029075 4.569776
-2.108479 4.533687
-2.187242 4.496218
-2.265339 4.457380
-2.342747 4.417186
-2.419442 4.375648
-2.495401 4.332779
-2.570600 4.288591
-2.645018 4.243098
-2.718630 4.196314
-2.791415 4.148253
-2.863350 4.098930
-2.934415 4.048359
-3.004586 3.996556
-3.073843 3.943538
-3.142165 3.889319
-3.209530 3.833917
-3.275919 3.777348
-3.341311 3.719629
-3.405686 3.660779
-3.469025 3.600815
-3.531308 3.539755
-3.592517 3.477617
-3.652632 3.414422
-3.711636 3.350188
-3.769511 3.284934
-3.826238 3.218680
-3.881801 3.151447
-3.936183 3.083255
-3.989367 3.014125
-4.041337 2.944078
-4.092077 2.873135
-4.141573 2.801317
-4.189807 2.728647
-4.236767 2.655147
-4.282438 2.580838
-4.326805 2.505745
-4.369856 2.429889
-4.411577 2.353293
-4.451956 2.275981
-4.490979 2.197977
-4.528637 2.119304
-4.564916 2.039986
-4.599806 1.960047
-4.633296 1.879512
-4.665377 1.798405
-4.696037 1.716751
-4.725269 1.634574
-4.753063 1.551900
-4.779410 1.468753
-4.804304 1.385160
-4.827735 1.301145
-4.849697 1.216734
-4.870183 1.131953
-4.889187 1.046827
-4.906704 0.961383
-4.922727 0.875647
-4.937253 0.789643
-4.950276 0.703400
-4.961792 0.616943
-4.971799 0.530297
-4.980293 0.443491
-4.987271 0.356549
-4.992732 0.269499
-4.996673 0.182367
-4.999094 0.095180
-4.999994 0.007963
-4.999372 -0.079256
-4.997229 -0.166450
-4.993565 -0.253595
-4.988381 -0.340662
-4.981680 -0.427625
-4.973463 -0.514458
-4.963732 -0.601135
-4.952491 -0.687628
-4.939743 -0.773913
-4.925491 -0.859962
-4.909741 -0.945749
-4.892497 -1.031248
-4.873764 -1.116434
-4.853548 -1.201280
-4.831855 -1.285760
-4.808691 -1.369850
-4.784065 -1.453522
-4.757982 -1.536752
-4.730452 -1.619514
-4.701482 -1.701784
-4.671081 -1.783535
-4.639260 -1.864744
-4.606026 -1.945386
-4.571391 -2.025435
-4.535364 -2.104868
-4.497958 -2.183661
-4.459183 -2.261789
-4.419051 -2.339229
-4.377574 -2.415957
-4.334765 -2.491950
-4.290637 -2.567184
-4.245203 -2.641638
-4.198478 -2.715287
-4.150475 -2.788111
-4.101208 -2.860085
-4.050694 -2.931190
-3.998948 -3.001403
-3.945984 -3.070702
-3.891820 -3.139067
-3.836471 -3.206476
-3.779955 -3.272910
-3.722289 -3.338348
-3.663490 -3.402770
-3.603576 -3.466156
-3.542565 -3.528488
-3.480477 -3.589746
-3.417330 -3.649912
-3.353142 -3.708967
-3.287934 -3.766894
-3.221726 -3.823674
-3.154537 -3.879290
-3.086389 -3.933726
-3.017301 -3.986966
-2.947295 -4.038991
-2.876392 -4.089788
-2.804614 -4.139340
-2.731983 -4.187633
-2.658520 -4.234651
-2.584248 -4.280381
-2.509190 -4.324808
-2.433368 -4.367920
-2.356805 -4.409702
-2.279526 -4.450142
-2.201553 -4.489228
-2.122910 -4.526948
-2.043621 -4.563290
-1.963710 -4.598244
-1.883201 -4.631798
-1.802120 -4.663943
-1.720490 -4.694669
-1.638336 -4.723966
-1.555684 -4.751826
-1.472559 -4.778239
-1.388985 -4.803199
-1.304989 -4.826697
-1.220595 -4.848726
-1.135831 -4.869280
-1.050720 -4.888352
-0.965290 -4.905937
-0.879566 -4.922028
-0.793575 -4.936622
-0.707342 -4.949714
-0.620894 -4.961299
-0.534256 -4.971375
-0.447457 -4.979938
-0.360521 -4.986986
-0.273475 -4.992516
-0.186346 -4.996526
-0.099161 -4.999017
-0.011945 -4.999986
0.075274 -4.999433
0.162471 -4.997360
0.249618 -4.993765
0.336689 -4.988651
0.423658 -4.982019
0.510497 -4.973871
0.597182 -4.964209
0.683684 -4.953037
0.769979 -4.940358
0.856039 -4.926175
0.941839 -4.910493
1.027352 -4.893317
1.112553 -4.874651
1.197415 -4.854503
1.281912 -4.832877
1.366020 -4.809781
1.449712 -4.785221
1.532962 -4.759204
1.615747 -4.731740
1.698039 -4.702836
1.779815 -4.672500
1.861049 -4.640743
1.941717 -4.607574
2.021794 -4.573002
2.101256 -4.537039
2.180078 -4.499695
2.258237 -4.460982
2.335709 -4.420912
2.412470 -4.379496
2.488497 -4.336748
2.563767 -4.292680
2.638256 -4.247305
2.711943 -4.200639
2.784805 -4.152693
2.856819 -4.103485
2.927963 -4.053027
2.998217 -4.001337
3.067558 -3.948428
3.135966 -3.894318
3.203420 -3.839023
3.269899 -3.782560
3.335383 -3.724946
3.399852 -3.666198
3.463286 -3.606335
3.525666 -3.545374
3.586974 -3.483335
3.647190 -3.420235
3.706296 -3.356095
3.764274 -3.290933
3.821107 -3.224770
3.876777 -3.157626
3.931267 -3.089520
3.984562 -3.020475
4.036643 -2.950511
4.087496 -2.879648
4.137106 -2.807910
4.185456 -2.735316
4.232533 -2.661891
4.278322 -2.587656
4.322809 -2.512633
4.365980 -2.436845
4.407823 -2.360316
4.448325 -2.283069
4.487473 -2.205127
4.525256 -2.126514
4.561661 -2.047254
4.596678 -1.967371
4.630297 -1.886889
4.662507 -1.805833
4.693297 -1.724228
4.722660 -1.642097
4.750585 -1.559468
4.777065 -1.476363
4.802091 -1.392810
4.825656 -1.308832
4.847753 -1.224456
4.868374 -1.139708
4.887514 -1.054613
4.905166 -0.969197
4.921326 -0.883486
4.935989 -0.797506
4.949149 -0.711283
4.960803 -0.624844
4.970948 -0.538215
4.979580 -0.451422
4.986697 -0.364492
4.992296 -0.277451
4.996376 -0.190325
4.998936 -0.103141
4.999975 -0.015927
